sets
{
type sets;
libs ("libsampling.so");
setFormat csv;
fields (p);                     
interpolationScheme cellPoint;
sets
{
mySet
{
type cloud;
axis xyz;
points
(
(3.066659e-05 0.052325 0)
(3.066659e-05 0.052340333 0)
(3.066659e-05 0.052355667 0)
(3.066659e-05 0.052371 0)
(3.066659e-05 0.052386333 0)
(3.066659e-05 0.052401667 0)
(3.066659e-05 0.052417 0)
(3.066659e-05 0.052432333 0)
(3.066659e-05 0.052447667 0)
(3.066659e-05 0.052463 0)
(3.066659e-05 0.052478333 0)
(3.066659e-05 0.052493667 0)
(3.066659e-05 0.052509 0)
(3.066659e-05 0.052524333 0)
(3.066659e-05 0.052539667 0)
(3.066659e-05 0.052555 0)
(3.066659e-05 0.052570333 0)
(3.066659e-05 0.052585667 0)
(3.066659e-05 0.052601 0)
(3.066659e-05 0.052616333 0)
(3.066659e-05 0.052631667 0)
(3.066659e-05 0.052647 0)
(3.066659e-05 0.052662333 0)
(3.066659e-05 0.052677667 0)
(3.066659e-05 0.052693 0)
(3.066659e-05 0.052708333 0)
(3.066659e-05 0.052723667 0)
(3.066659e-05 0.052739 0)
(3.066659e-05 0.052754333 0)
(3.066659e-05 0.052769667 0)
(3.066659e-05 0.052785 0)
(3.066659e-05 0.052800333 0)
(3.066659e-05 0.052815667 0)
(3.066659e-05 0.052831001 0)
(3.066659e-05 0.052846336 0)
(3.066659e-05 0.052861674 0)
(3.066659e-05 0.052877017 0)
(3.066659e-05 0.05289237 0)
(3.066659e-05 0.052907733 0)
(3.066659e-05 0.052923108 0)
(3.066659e-05 0.052938508 0)
(3.066659e-05 0.052953969 0)
(3.066659e-05 0.052969599 0)
(3.066659e-05 0.052983995 0)
(3.066659e-05 0.031348307 0)
(3.066659e-05 0.03136264 0)
(3.066659e-05 0.03137783 0)
(3.066659e-05 0.0313935 0)
(3.066659e-05 0.031409335 0)
(3.066659e-05 0.031425099 0)
(3.066659e-05 0.031440718 0)
(3.066659e-05 0.031456211 0)
(3.066659e-05 0.03147162 0)
(3.066659e-05 0.031486984 0)
(3.066659e-05 0.031502328 0)
(3.066659e-05 0.031517665 0)
(3.066659e-05 0.031532999 0)
(3.066659e-05 0.031548333 0)
(3.066659e-05 0.031563667 0)
(3.066659e-05 0.031579 0)
(3.066659e-05 0.031594333 0)
(3.066659e-05 0.031609667 0)
(3.066659e-05 0.031625 0)
(3.066659e-05 0.031640333 0)
(3.066659e-05 0.031655667 0)
(3.066659e-05 0.031671 0)
(3.066659e-05 0.031686333 0)
(3.066659e-05 0.031701667 0)
(3.066659e-05 0.031717 0)
(3.066659e-05 0.031732333 0)
(3.066659e-05 0.031747668 0)
(3.066659e-05 0.031763006 0)
(3.066659e-05 0.031778349 0)
(3.066659e-05 0.031793707 0)
(3.066659e-05 0.031809092 0)
(3.066659e-05 0.031824517 0)
(3.066659e-05 0.031839983 0)
(3.066659e-05 0.031855461 0)
(3.066659e-05 0.03187088 0)
(3.066659e-05 0.031885987 0)
(3.066659e-05 0.033158013 0)
(3.066659e-05 0.03317312 0)
(3.066659e-05 0.033188539 0)
(3.066659e-05 0.033204017 0)
(3.066659e-05 0.033219483 0)
(3.066659e-05 0.033234908 0)
(3.066659e-05 0.033250293 0)
(3.066659e-05 0.033265651 0)
(3.066659e-05 0.033280994 0)
(3.066659e-05 0.033296332 0)
(3.066659e-05 0.033311667 0)
(3.066659e-05 0.033327 0)
(3.066659e-05 0.033342333 0)
(3.066659e-05 0.033357667 0)
(3.066659e-05 0.033373 0)
(3.066659e-05 0.033388333 0)
(3.066659e-05 0.033403667 0)
(3.066659e-05 0.033419 0)
(3.066659e-05 0.033434333 0)
(3.066659e-05 0.033449667 0)
(3.066659e-05 0.033465 0)
(3.066659e-05 0.033480333 0)
(3.066659e-05 0.033495667 0)
(3.066659e-05 0.033511 0)
(3.066659e-05 0.033526333 0)
(3.066659e-05 0.033541667 0)
(3.066659e-05 0.033557 0)
(3.066659e-05 0.033572333 0)
(3.066659e-05 0.033587666 0)
(3.066659e-05 0.033602999 0)
(3.066659e-05 0.033618331 0)
(3.066659e-05 0.03363366 0)
(3.066659e-05 0.033648986 0)
(3.066659e-05 0.033664304 0)
(3.066659e-05 0.03367961 0)
(3.066659e-05 0.033694897 0)
(3.066659e-05 0.033710155 0)
(3.066659e-05 0.033730083 0)
(3.066659e-05 0.034998241 0)
(3.066659e-05 0.035013578 0)
(3.066659e-05 0.035028946 0)
(3.066659e-05 0.035044302 0)
(3.066659e-05 0.03505965 0)
(3.066659e-05 0.035074992 0)
(3.066659e-05 0.035090329 0)
(3.066659e-05 0.035105665 0)
(3.066659e-05 0.035120999 0)
(3.066659e-05 0.035136333 0)
(3.066659e-05 0.035151667 0)
(3.066659e-05 0.035167 0)
(3.066659e-05 0.035182333 0)
(3.066659e-05 0.035197667 0)
(3.066659e-05 0.035213 0)
(3.066659e-05 0.035228333 0)
(3.066659e-05 0.035243667 0)
(3.066659e-05 0.035259 0)
(3.066659e-05 0.035274333 0)
(3.066659e-05 0.035289667 0)
(3.066659e-05 0.035305 0)
(3.066659e-05 0.035320333 0)
(3.066659e-05 0.035335667 0)
(3.066659e-05 0.035351 0)
(3.066659e-05 0.035366333 0)
(3.066659e-05 0.035381667 0)
(3.066659e-05 0.035397 0)
(3.066659e-05 0.035412333 0)
(3.066659e-05 0.035427667 0)
(3.066659e-05 0.035443 0)
(3.066659e-05 0.035458333 0)
(3.066659e-05 0.035473667 0)
(3.066659e-05 0.035489 0)
(3.066659e-05 0.035504333 0)
(3.066659e-05 0.035519667 0)
(3.066659e-05 0.035535 0)
(3.066659e-05 0.035550333 0)
(3.066659e-05 0.035565667 0)
(3.066659e-05 0.035581 0)
(3.066659e-05 0.035596333 0)
(3.066659e-05 0.035611667 0)
(3.066659e-05 0.035627 0)
(3.066659e-05 0.035642333 0)
(3.066659e-05 0.035657667 0)
(3.066659e-05 0.035673 0)
(3.066659e-05 0.035688333 0)
(3.066659e-05 0.035703667 0)
(3.066659e-05 0.035719 0)
(3.066659e-05 0.035734333 0)
(3.066659e-05 0.035749667 0)
(3.066659e-05 0.035765 0)
(3.066659e-05 0.035780333 0)
(3.066659e-05 0.035795667 0)
(3.066659e-05 0.035811 0)
(3.066659e-05 0.035826333 0)
(3.066659e-05 0.035841667 0)
(3.066659e-05 0.035857 0)
(3.066659e-05 0.035872333 0)
(3.066659e-05 0.035887667 0)
(3.066659e-05 0.035903 0)
(3.066659e-05 0.035918333 0)
(3.066659e-05 0.035933667 0)
(3.066659e-05 0.035949 0)
(3.066659e-05 0.035964333 0)
(3.066659e-05 0.035979668 0)
(3.066659e-05 0.035995007 0)
(3.066659e-05 0.036010353 0)
(3.066659e-05 0.036025705 0)
(3.066659e-05 0.036041051 0)
(3.066659e-05 0.036056326 0)
(3.066659e-05 0.036071357 0)
(3.066659e-05 0.036087265 0)
(3.066659e-05 0.036592736 0)
(3.066659e-05 0.036608643 0)
(3.066659e-05 0.036623674 0)
(3.066659e-05 0.036638949 0)
(3.066659e-05 0.036654295 0)
(3.066659e-05 0.036669647 0)
(3.066659e-05 0.036684993 0)
(3.066659e-05 0.036700332 0)
(3.066659e-05 0.036715667 0)
(3.066659e-05 0.036731 0)
(3.066659e-05 0.036746333 0)
(3.066659e-05 0.036761667 0)
(3.066659e-05 0.036777 0)
(3.066659e-05 0.036792333 0)
(3.066659e-05 0.036807667 0)
(3.066659e-05 0.036823 0)
(3.066659e-05 0.036838333 0)
(3.066659e-05 0.036853667 0)
(3.066659e-05 0.036869 0)
(3.066659e-05 0.036884333 0)
(3.066659e-05 0.036899667 0)
(3.066659e-05 0.036915 0)
(3.066659e-05 0.036930333 0)
(3.066659e-05 0.036945667 0)
(3.066659e-05 0.036961 0)
(3.066659e-05 0.036976333 0)
(3.066659e-05 0.036991667 0)
(3.066659e-05 0.037007 0)
(3.066659e-05 0.037022333 0)
(3.066659e-05 0.037037667 0)
(3.066659e-05 0.037053 0)
(3.066659e-05 0.037068333 0)
(3.066659e-05 0.037083667 0)
(3.066659e-05 0.037099 0)
(3.066659e-05 0.037114333 0)
(3.066659e-05 0.037129667 0)
(3.066659e-05 0.037145 0)
(3.066659e-05 0.037160333 0)
(3.066659e-05 0.037175667 0)
(3.066659e-05 0.037191 0)
(3.066659e-05 0.037206333 0)
(3.066659e-05 0.037221667 0)
(3.066659e-05 0.037237 0)
(3.066659e-05 0.037252333 0)
(3.066659e-05 0.037267667 0)
(3.066659e-05 0.037283 0)
(3.066659e-05 0.037298333 0)
(3.066659e-05 0.037313667 0)
(3.066659e-05 0.037329 0)
(3.066659e-05 0.037344333 0)
(3.066659e-05 0.037359667 0)
(3.066659e-05 0.037375 0)
(3.066659e-05 0.037390333 0)
(3.066659e-05 0.037405667 0)
(3.066659e-05 0.037421 0)
(3.066659e-05 0.037436333 0)
(3.066659e-05 0.037451667 0)
(3.066659e-05 0.037467 0)
(3.066659e-05 0.037482333 0)
(3.066659e-05 0.037497667 0)
(3.066659e-05 0.037513 0)
(3.066659e-05 0.037528333 0)
(3.066659e-05 0.037543667 0)
(3.066659e-05 0.037559 0)
(3.066659e-05 0.037574333 0)
(3.066659e-05 0.037589667 0)
(3.066659e-05 0.037605 0)
(3.066659e-05 0.037620333 0)
(3.066659e-05 0.037635667 0)
(3.066659e-05 0.037651 0)
(3.066659e-05 0.037666333 0)
(3.066659e-05 0.037681667 0)
(3.066659e-05 0.037697 0)
(3.066659e-05 0.037712333 0)
(3.066659e-05 0.037727667 0)
(3.066659e-05 0.037743 0)
(3.066659e-05 0.037758333 0)
(3.066659e-05 0.037773667 0)
(3.066659e-05 0.037789 0)
(3.066659e-05 0.037804333 0)
(3.066659e-05 0.037819667 0)
(3.066659e-05 0.037835 0)
(3.066659e-05 0.037850333 0)
(3.066659e-05 0.037865667 0)
(3.066659e-05 0.037881 0)
(3.066659e-05 0.037896333 0)
(3.066659e-05 0.037911667 0)
(3.066659e-05 0.037927 0)
(3.066659e-05 0.037942333 0)
(3.066659e-05 0.037957667 0)
(3.066659e-05 0.037973 0)
(3.066659e-05 0.037988333 0)
(3.066659e-05 0.038003667 0)
(3.066659e-05 0.038019 0)
(3.066659e-05 0.038034333 0)
(3.066659e-05 0.038049667 0)
(3.066659e-05 0.038065 0)
(3.066659e-05 0.038080333 0)
(3.066659e-05 0.038095667 0)
(3.066659e-05 0.038111 0)
(3.066659e-05 0.038126333 0)
(3.066659e-05 0.038141667 0)
(3.066659e-05 0.038157 0)
(3.066659e-05 0.038172333 0)
(3.066659e-05 0.038187667 0)
(3.066659e-05 0.038203 0)
(3.066659e-05 0.038218333 0)
(3.066659e-05 0.038233667 0)
(3.066659e-05 0.038249 0)
(3.066659e-05 0.038264333 0)
(3.066659e-05 0.038279667 0)
(3.066659e-05 0.038295 0)
(3.066659e-05 0.038310333 0)
(3.066659e-05 0.038325667 0)
(3.066659e-05 0.038341 0)
(3.066659e-05 0.038356333 0)
(3.066659e-05 0.038371667 0)
(3.066659e-05 0.038387 0)
(3.066659e-05 0.038402333 0)
(3.066659e-05 0.038417667 0)
(3.066659e-05 0.038433 0)
(3.066659e-05 0.038448333 0)
(3.066659e-05 0.038463667 0)
(3.066659e-05 0.038479 0)
(3.066659e-05 0.038494333 0)
(3.066659e-05 0.038509667 0)
(3.066659e-05 0.038525 0)
(3.066659e-05 0.038540333 0)
(3.066659e-05 0.038555667 0)
(3.066659e-05 0.038571 0)
(3.066659e-05 0.038586333 0)
(3.066659e-05 0.038601667 0)
(3.066659e-05 0.038617 0)
(3.066659e-05 0.038632333 0)
(3.066659e-05 0.038647667 0)
(3.066659e-05 0.038663 0)
(3.066659e-05 0.038678333 0)
(3.066659e-05 0.038693667 0)
(3.066659e-05 0.038709 0)
(3.066659e-05 0.038724333 0)
(3.066659e-05 0.038739667 0)
(3.066659e-05 0.038755 0)
(3.066659e-05 0.038770333 0)
(3.066659e-05 0.038785667 0)
(3.066659e-05 0.038801 0)
(3.066659e-05 0.038816333 0)
(3.066659e-05 0.038831667 0)
(3.066659e-05 0.038847 0)
(3.066659e-05 0.038862333 0)
(3.066659e-05 0.038877667 0)
(3.066659e-05 0.038893 0)
(3.066659e-05 0.038908333 0)
(3.066659e-05 0.038923667 0)
(3.066659e-05 0.038939 0)
(3.066659e-05 0.038954333 0)
(3.066659e-05 0.038969667 0)
(3.066659e-05 0.038985 0)
(3.066659e-05 0.039000333 0)
(3.066659e-05 0.039015667 0)
(3.066659e-05 0.039031 0)
(3.066659e-05 0.039046333 0)
(3.066659e-05 0.039061667 0)
(3.066659e-05 0.039077001 0)
(3.066659e-05 0.039092335 0)
(3.066659e-05 0.039107668 0)
(3.066659e-05 0.039123001 0)
(3.066659e-05 0.039138335 0)
(3.066659e-05 0.039153668 0)
(3.066659e-05 0.039169001 0)
(3.066659e-05 0.039184334 0)
(3.066659e-05 0.039199667 0)
(3.066659e-05 0.039215 0)
(3.066659e-05 0.039230333 0)
(3.066659e-05 0.039245667 0)
(3.066659e-05 0.039261 0)
(3.066659e-05 0.039276333 0)
(3.066659e-05 0.039291667 0)
(3.066659e-05 0.039307 0)
(3.066659e-05 0.039322333 0)
(3.066659e-05 0.039337667 0)
(3.066659e-05 0.039353 0)
(3.066659e-05 0.039368333 0)
(3.066659e-05 0.039383667 0)
(3.066659e-05 0.039399 0)
(3.066659e-05 0.039414333 0)
(3.066659e-05 0.039429667 0)
(3.066659e-05 0.039445 0)
(3.066659e-05 0.039460333 0)
(3.066659e-05 0.039475666 0)
(3.066659e-05 0.039490999 0)
(3.066659e-05 0.039506332 0)
(3.066659e-05 0.039521665 0)
(3.066659e-05 0.039536999 0)
(3.066659e-05 0.039552332 0)
(3.066659e-05 0.039567665 0)
(3.066659e-05 0.039582999 0)
(3.066659e-05 0.039598333 0)
(3.066659e-05 0.039613667 0)
(3.066659e-05 0.039629 0)
(3.066659e-05 0.039644333 0)
(3.066659e-05 0.039659667 0)
(3.066659e-05 0.039675 0)
(3.066659e-05 0.039690333 0)
(3.066659e-05 0.039705667 0)
(3.066659e-05 0.039721 0)
(3.066659e-05 0.039736333 0)
(3.066659e-05 0.039751667 0)
(3.066659e-05 0.039767 0)
(3.066659e-05 0.039782333 0)
(3.066659e-05 0.039797667 0)
(3.066659e-05 0.039813 0)
(3.066659e-05 0.039828333 0)
(3.066659e-05 0.039843667 0)
(3.066659e-05 0.039859 0)
(3.066659e-05 0.039874333 0)
(3.066659e-05 0.039889667 0)
(3.066659e-05 0.039905 0)
(3.066659e-05 0.039920333 0)
(3.066659e-05 0.039935667 0)
(3.066659e-05 0.039951 0)
(3.066659e-05 0.039966333 0)
(3.066659e-05 0.039981667 0)
(3.066659e-05 0.039997 0)
(3.066659e-05 0.040012333 0)
(3.066659e-05 0.040027667 0)
(3.066659e-05 0.040043 0)
(3.066659e-05 0.040058333 0)
(3.066659e-05 0.040073667 0)
(3.066659e-05 0.040089 0)
(3.066659e-05 0.040104333 0)
(3.066659e-05 0.040119667 0)
(3.066659e-05 0.040135 0)
(3.066659e-05 0.040150333 0)
(3.066659e-05 0.040165667 0)
(3.066659e-05 0.040181 0)
(3.066659e-05 0.040196333 0)
(3.066659e-05 0.040211667 0)
(3.066659e-05 0.040227 0)
(3.066659e-05 0.040242333 0)
(3.066659e-05 0.040257667 0)
(3.066659e-05 0.040273 0)
(3.066659e-05 0.040288333 0)
(3.066659e-05 0.040303667 0)
(3.066659e-05 0.040319 0)
(3.066659e-05 0.040334333 0)
(3.066659e-05 0.040349667 0)
(3.066659e-05 0.040365 0)
(3.066659e-05 0.040380333 0)
(3.066659e-05 0.040395667 0)
(3.066659e-05 0.040411 0)
(3.066659e-05 0.040426333 0)
(3.066659e-05 0.040441667 0)
(3.066659e-05 0.040457 0)
(3.066659e-05 0.040472333 0)
(3.066659e-05 0.040487667 0)
(3.066659e-05 0.040503 0)
(3.066659e-05 0.040518333 0)
(3.066659e-05 0.040533667 0)
(3.066659e-05 0.040549 0)
(3.066659e-05 0.040564333 0)
(3.066659e-05 0.040579667 0)
(3.066659e-05 0.040595 0)
(3.066659e-05 0.040610333 0)
(3.066659e-05 0.040625667 0)
(3.066659e-05 0.040641 0)
(3.066659e-05 0.040656333 0)
(3.066659e-05 0.040671667 0)
(3.066659e-05 0.040687 0)
(3.066659e-05 0.040702333 0)
(3.066659e-05 0.040717667 0)
(3.066659e-05 0.040733 0)
(3.066659e-05 0.040748333 0)
(3.066659e-05 0.040763667 0)
(3.066659e-05 0.040779 0)
(3.066659e-05 0.040794333 0)
(3.066659e-05 0.040809667 0)
(3.066659e-05 0.040825 0)
(3.066659e-05 0.040840333 0)
(3.066659e-05 0.040855667 0)
(3.066659e-05 0.040871 0)
(3.066659e-05 0.040886333 0)
(3.066659e-05 0.040901667 0)
(3.066659e-05 0.040917 0)
(3.066659e-05 0.040932333 0)
(3.066659e-05 0.040947667 0)
(3.066659e-05 0.040963 0)
(3.066659e-05 0.040978333 0)
(3.066659e-05 0.040993667 0)
(3.066659e-05 0.041009001 0)
(3.066659e-05 0.041024335 0)
(3.066659e-05 0.041039668 0)
(3.066659e-05 0.041055001 0)
(3.066659e-05 0.041070335 0)
(3.066659e-05 0.041085668 0)
(3.066659e-05 0.041101001 0)
(3.066659e-05 0.041116334 0)
(3.066659e-05 0.041131667 0)
(3.066659e-05 0.041147 0)
(3.066659e-05 0.041162333 0)
(3.066659e-05 0.041177667 0)
(3.066659e-05 0.041193 0)
(3.066659e-05 0.041208333 0)
(3.066659e-05 0.041223666 0)
(3.066659e-05 0.041238999 0)
(3.066659e-05 0.041254332 0)
(3.066659e-05 0.041269665 0)
(3.066659e-05 0.041284999 0)
(3.066659e-05 0.041300332 0)
(3.066659e-05 0.041315665 0)
(3.066659e-05 0.041330999 0)
(3.066659e-05 0.041346333 0)
(3.066659e-05 0.041361667 0)
(3.066659e-05 0.041377 0)
(3.066659e-05 0.041392333 0)
(3.066659e-05 0.041407667 0)
(3.066659e-05 0.041423 0)
(3.066659e-05 0.041438333 0)
(3.066659e-05 0.041453667 0)
(3.066659e-05 0.041469 0)
(3.066659e-05 0.041484333 0)
(3.066659e-05 0.041499667 0)
(3.066659e-05 0.041515 0)
(3.066659e-05 0.041530333 0)
(3.066659e-05 0.041545667 0)
(3.066659e-05 0.041561 0)
(3.066659e-05 0.041576333 0)
(3.066659e-05 0.041591667 0)
(3.066659e-05 0.041607 0)
(3.066659e-05 0.041622333 0)
(3.066659e-05 0.041637667 0)
(3.066659e-05 0.041653 0)
(3.066659e-05 0.041668333 0)
(3.066659e-05 0.041683667 0)
(3.066659e-05 0.041699 0)
(3.066659e-05 0.041714333 0)
(3.066659e-05 0.041729667 0)
(3.066659e-05 0.041745 0)
(3.066659e-05 0.041760333 0)
(3.066659e-05 0.041775667 0)
(3.066659e-05 0.041791 0)
(3.066659e-05 0.041806333 0)
(3.066659e-05 0.041821667 0)
(3.066659e-05 0.041837 0)
(3.066659e-05 0.041852333 0)
(3.066659e-05 0.041867667 0)
(3.066659e-05 0.041883 0)
(3.066659e-05 0.041898333 0)
(3.066659e-05 0.041913667 0)
(3.066659e-05 0.041929 0)
(3.066659e-05 0.041944333 0)
(3.066659e-05 0.041959667 0)
(3.066659e-05 0.041975 0)
(3.066659e-05 0.041990333 0)
(3.066659e-05 0.042005667 0)
(3.066659e-05 0.042021 0)
(3.066659e-05 0.042036333 0)
(3.066659e-05 0.042051667 0)
(3.066659e-05 0.042067 0)
(3.066659e-05 0.042082333 0)
(3.066659e-05 0.042097667 0)
(3.066659e-05 0.042113 0)
(3.066659e-05 0.042128333 0)
(3.066659e-05 0.042143667 0)
(3.066659e-05 0.042159 0)
(3.066659e-05 0.042174333 0)
(3.066659e-05 0.042189667 0)
(3.066659e-05 0.042205 0)
(3.066659e-05 0.042220333 0)
(3.066659e-05 0.042235667 0)
(3.066659e-05 0.042251 0)
(3.066659e-05 0.042266333 0)
(3.066659e-05 0.042281667 0)
(3.066659e-05 0.042297 0)
(3.066659e-05 0.042312333 0)
(3.066659e-05 0.042327667 0)
(3.066659e-05 0.042343 0)
(3.066659e-05 0.042358333 0)
(3.066659e-05 0.042373667 0)
(3.066659e-05 0.042389 0)
(3.066659e-05 0.042404333 0)
(3.066659e-05 0.042419667 0)
(3.066659e-05 0.042435 0)
(3.066659e-05 0.042450333 0)
(3.066659e-05 0.042465667 0)
(3.066659e-05 0.042481 0)
(3.066659e-05 0.042496333 0)
(3.066659e-05 0.042511667 0)
(3.066659e-05 0.042527 0)
(3.066659e-05 0.042542333 0)
(3.066659e-05 0.042557667 0)
(3.066659e-05 0.042573 0)
(3.066659e-05 0.042588333 0)
(3.066659e-05 0.042603667 0)
(3.066659e-05 0.042619 0)
(3.066659e-05 0.042634333 0)
(3.066659e-05 0.042649667 0)
(3.066659e-05 0.042665 0)
(3.066659e-05 0.042680333 0)
(3.066659e-05 0.042695667 0)
(3.066659e-05 0.042711 0)
(3.066659e-05 0.042726333 0)
(3.066659e-05 0.042741667 0)
(3.066659e-05 0.042757 0)
(3.066659e-05 0.042772333 0)
(3.066659e-05 0.042787667 0)
(3.066659e-05 0.042803 0)
(3.066659e-05 0.042818333 0)
(3.066659e-05 0.042833667 0)
(3.066659e-05 0.042849 0)
(3.066659e-05 0.042864333 0)
(3.066659e-05 0.042879667 0)
(3.066659e-05 0.042895 0)
(3.066659e-05 0.042910333 0)
(3.066659e-05 0.042925667 0)
(3.066659e-05 0.042941 0)
(3.066659e-05 0.042956333 0)
(3.066659e-05 0.042971667 0)
(3.066659e-05 0.042987 0)
(3.066659e-05 0.043002333 0)
(3.066659e-05 0.043017667 0)
(3.066659e-05 0.043033 0)
(3.066659e-05 0.043048333 0)
(3.066659e-05 0.043063667 0)
(3.066659e-05 0.043079 0)
(3.066659e-05 0.043094333 0)
(3.066659e-05 0.043109667 0)
(3.066659e-05 0.043125 0)
(3.066659e-05 0.043140333 0)
(3.066659e-05 0.043155667 0)
(3.066659e-05 0.043171 0)
(3.066659e-05 0.043186333 0)
(3.066659e-05 0.043201667 0)
(3.066659e-05 0.043217 0)
(3.066659e-05 0.043232333 0)
(3.066659e-05 0.043247667 0)
(3.066659e-05 0.043263 0)
(3.066659e-05 0.043278333 0)
(3.066659e-05 0.043293667 0)
(3.066659e-05 0.043309 0)
(3.066659e-05 0.043324333 0)
(3.066659e-05 0.043339667 0)
(3.066659e-05 0.043355 0)
(3.066659e-05 0.043370333 0)
(3.066659e-05 0.043385667 0)
(3.066659e-05 0.043401 0)
(3.066659e-05 0.043416333 0)
(3.066659e-05 0.043431667 0)
(3.066659e-05 0.043447 0)
(3.066659e-05 0.043462333 0)
(3.066659e-05 0.043477667 0)
(3.066659e-05 0.043493 0)
(3.066659e-05 0.043508333 0)
(3.066659e-05 0.043523668 0)
(3.066659e-05 0.043539007 0)
(3.066659e-05 0.043554352 0)
(3.066659e-05 0.043569705 0)
(3.066659e-05 0.043585051 0)
(3.066659e-05 0.043600326 0)
(3.066659e-05 0.043615357 0)
(3.066659e-05 0.043631264 0)
(3.066659e-05 0.044075222 0)
(3.066659e-05 0.044090869 0)
(3.066659e-05 0.044105957 0)
(3.066659e-05 0.044121359 0)
(3.066659e-05 0.044136818 0)
(3.066659e-05 0.044152246 0)
(3.066659e-05 0.04416763 0)
(3.066659e-05 0.044182987 0)
(3.066659e-05 0.04419833 0)
(3.066659e-05 0.044213665 0)
(3.066659e-05 0.044228999 0)
(3.066659e-05 0.044244333 0)
(3.066659e-05 0.044259667 0)
(3.066659e-05 0.044275 0)
(3.066659e-05 0.044290333 0)
(3.066659e-05 0.044305667 0)
(3.066659e-05 0.044321 0)
(3.066659e-05 0.044336333 0)
(3.066659e-05 0.044351667 0)
(3.066659e-05 0.044367001 0)
(3.066659e-05 0.044382335 0)
(3.066659e-05 0.04439767 0)
(3.066659e-05 0.044413014 0)
(3.066659e-05 0.044428374 0)
(3.066659e-05 0.044443773 0)
(3.066659e-05 0.044459245 0)
(3.066659e-05 0.044474829 0)
(3.066659e-05 0.044490543 0)
(3.066659e-05 0.044506342 0)
(3.066659e-05 0.044522069 0)
(3.066659e-05 0.044537473 0)
(3.066659e-05 0.044552297 0)
(3.066659e-05 0.044566999 0)
(3.066659e-05 0.044582125 0)
(3.066659e-05 0.044597637 0)
(3.066659e-05 0.044611999 0)
(3.066659e-05 0.045364009 0)
(3.066659e-05 0.045378408 0)
(3.066659e-05 0.045394051 0)
(3.066659e-05 0.045409528 0)
(3.066659e-05 0.045424932 0)
(3.066659e-05 0.045440301 0)
(3.066659e-05 0.045455652 0)
(3.066659e-05 0.045470994 0)
(3.066659e-05 0.045486332 0)
(3.066659e-05 0.045501667 0)
(3.066659e-05 0.045517 0)
(3.066659e-05 0.045532333 0)
(3.066659e-05 0.045547667 0)
(3.066659e-05 0.045563 0)
(3.066659e-05 0.045578333 0)
(3.066659e-05 0.045593667 0)
(3.066659e-05 0.045609 0)
(3.066659e-05 0.045624333 0)
(3.066659e-05 0.045639667 0)
(3.066659e-05 0.045655 0)
(3.066659e-05 0.045670333 0)
(3.066659e-05 0.045685667 0)
(3.066659e-05 0.045701 0)
(3.066659e-05 0.045716333 0)
(3.066659e-05 0.045731667 0)
(3.066659e-05 0.045747 0)
(3.066659e-05 0.045762333 0)
(3.066659e-05 0.045777667 0)
(3.066659e-05 0.045793001 0)
(3.066659e-05 0.045808338 0)
(3.066659e-05 0.04582368 0)
(3.066659e-05 0.045839033 0)
(3.066659e-05 0.045854409 0)
(3.066659e-05 0.045869815 0)
(3.066659e-05 0.045885254 0)
(3.066659e-05 0.045900699 0)
(3.066659e-05 0.045916084 0)
(3.066659e-05 0.045931171 0)
(3.066659e-05 0.047479421 0)
(3.066659e-05 0.047494518 0)
(3.066659e-05 0.047509921 0)
(3.066659e-05 0.047525382 0)
(3.066659e-05 0.047540834 0)
(3.066659e-05 0.047556251 0)
(3.066659e-05 0.047571631 0)
(3.066659e-05 0.047586986 0)
(3.066659e-05 0.047602328 0)
(3.066659e-05 0.047617665 0)
(3.066659e-05 0.047632999 0)
(3.066659e-05 0.047648333 0)
(3.066659e-05 0.047663667 0)
(3.066659e-05 0.047679 0)
(3.066659e-05 0.047694333 0)
(3.066659e-05 0.047709667 0)
(3.066659e-05 0.047725 0)
(3.066659e-05 0.047740333 0)
(3.066659e-05 0.047755667 0)
(3.066659e-05 0.047771 0)
(3.066659e-05 0.047786333 0)
(3.066659e-05 0.047801667 0)
(3.066659e-05 0.047817 0)
(3.066659e-05 0.047832333 0)
(3.066659e-05 0.047847667 0)
(3.066659e-05 0.047863 0)
(3.066659e-05 0.047878333 0)
(3.066659e-05 0.047893667 0)
(3.066659e-05 0.047909 0)
(3.066659e-05 0.047924333 0)
(3.066659e-05 0.047939667 0)
(3.066659e-05 0.047955 0)
(3.066659e-05 0.047970333 0)
(3.066659e-05 0.047985667 0)
(3.066659e-05 0.048001 0)
(3.066659e-05 0.048016333 0)
(3.066659e-05 0.048031667 0)
(3.066659e-05 0.048047001 0)
(3.066659e-05 0.048062335 0)
(3.066659e-05 0.048077671 0)
(3.066659e-05 0.048093013 0)
(3.066659e-05 0.04810837 0)
(3.066659e-05 0.048123754 0)
(3.066659e-05 0.048139182 0)
(3.066659e-05 0.048154641 0)
(3.066659e-05 0.048170043 0)
(3.066659e-05 0.048185131 0)
(3.066659e-05 0.048200778 0)
(3.066659e-05 0.049043222 0)
(3.066659e-05 0.049058869 0)
(3.066659e-05 0.049073957 0)
(3.066659e-05 0.049089359 0)
(3.066659e-05 0.049104818 0)
(3.066659e-05 0.049120246 0)
(3.066659e-05 0.04913563 0)
(3.066659e-05 0.049150987 0)
(3.066659e-05 0.049166329 0)
(3.066659e-05 0.049181665 0)
(3.066659e-05 0.049196999 0)
(3.066659e-05 0.049212333 0)
(3.066659e-05 0.049227667 0)
(3.066659e-05 0.049243 0)
(3.066659e-05 0.049258333 0)
(3.066659e-05 0.049273667 0)
(3.066659e-05 0.049289 0)
(3.066659e-05 0.049304333 0)
(3.066659e-05 0.049319667 0)
(3.066659e-05 0.049335 0)
(3.066659e-05 0.049350333 0)
(3.066659e-05 0.049365667 0)
(3.066659e-05 0.049381 0)
(3.066659e-05 0.049396333 0)
(3.066659e-05 0.049411667 0)
(3.066659e-05 0.049427 0)
(3.066659e-05 0.049442333 0)
(3.066659e-05 0.049457667 0)
(3.066659e-05 0.049473 0)
(3.066659e-05 0.049488333 0)
(3.066659e-05 0.049503667 0)
(3.066659e-05 0.049519 0)
(3.066659e-05 0.049534333 0)
(3.066659e-05 0.049549667 0)
(3.066659e-05 0.049565 0)
(3.066659e-05 0.049580333 0)
(3.066659e-05 0.049595667 0)
(3.066659e-05 0.049611 0)
(3.066659e-05 0.049626333 0)
(3.066659e-05 0.049641667 0)
(3.066659e-05 0.049657002 0)
(3.066659e-05 0.049672341 0)
(3.066659e-05 0.049687688 0)
(3.066659e-05 0.049703053 0)
(3.066659e-05 0.049718451 0)
(3.066659e-05 0.049733896 0)
(3.066659e-05 0.04974937 0)
(3.066659e-05 0.049764822 0)
(3.066659e-05 0.049780182 0)
(3.066659e-05 0.04979542 0)
(3.066659e-05 0.0498106 0)
(3.066659e-05 0.049825807 0)
(3.066659e-05 0.049841063 0)
(3.066659e-05 0.049856358 0)
(3.066659e-05 0.049871676 0)
(3.066659e-05 0.049887003 0)
(3.066659e-05 0.049902334 0)
(3.066659e-05 0.049917666 0)
(3.066659e-05 0.049932997 0)
(3.066659e-05 0.049948323 0)
(3.066659e-05 0.049963639 0)
(3.066659e-05 0.049978941 0)
(3.066659e-05 0.049994227 0)
(3.066659e-05 0.050009513 0)
(3.066659e-05 0.05002483 0)
(3.066659e-05 0.050040189 0)
(3.066659e-05 0.05005557 0)
(3.066659e-05 0.050070947 0)
(3.066659e-05 0.050086309 0)
(3.066659e-05 0.050101657 0)
(3.066659e-05 0.050116997 0)
(3.066659e-05 0.050132333 0)
(3.066659e-05 0.050147666 0)
(3.066659e-05 0.050162999 0)
(3.066659e-05 0.050178331 0)
(3.066659e-05 0.050193661 0)
(3.066659e-05 0.050208993 0)
(3.066659e-05 0.050224325 0)
(3.066659e-05 0.050239659 0)
(3.066659e-05 0.050254994 0)
(3.066659e-05 0.05027033 0)
(3.066659e-05 0.050285665 0)
(3.066659e-05 0.050300999 0)
(3.066659e-05 0.050316333 0)
(3.066659e-05 0.050331667 0)
(3.066659e-05 0.050347 0)
(3.066659e-05 0.050362333 0)
(3.066659e-05 0.050377667 0)
(3.066659e-05 0.050393 0)
(3.066659e-05 0.050408333 0)
(3.066659e-05 0.050423667 0)
(3.066659e-05 0.050439 0)
(3.066659e-05 0.050454333 0)
(3.066659e-05 0.050469667 0)
(3.066659e-05 0.050485 0)
(3.066659e-05 0.050500333 0)
(3.066659e-05 0.050515667 0)
(3.066659e-05 0.050531 0)
(3.066659e-05 0.050546333 0)
(3.066659e-05 0.050561667 0)
(3.066659e-05 0.050577 0)
(3.066659e-05 0.050592333 0)
(3.066659e-05 0.050607667 0)
(3.066659e-05 0.050623 0)
(3.066659e-05 0.050638333 0)
(3.066659e-05 0.050653667 0)
(3.066659e-05 0.050669 0)
(3.066659e-05 0.050684333 0)
(3.066659e-05 0.050699667 0)
(3.066659e-05 0.050715 0)
(3.066659e-05 0.050730333 0)
(3.066659e-05 0.050745667 0)
(3.066659e-05 0.050761 0)
(3.066659e-05 0.050776333 0)
(3.066659e-05 0.050791667 0)
(3.066659e-05 0.050807 0)
(3.066659e-05 0.050822333 0)
(3.066659e-05 0.050837667 0)
(3.066659e-05 0.050853 0)
(3.066659e-05 0.050868333 0)
(3.066659e-05 0.050883667 0)
(3.066659e-05 0.050899 0)
(3.066659e-05 0.050914333 0)
(3.066659e-05 0.050929667 0)
(3.066659e-05 0.050945 0)
(3.066659e-05 0.050960333 0)
(3.066659e-05 0.050975667 0)
(3.066659e-05 0.050991 0)
(3.066659e-05 0.051006333 0)
(3.066659e-05 0.051021667 0)
(3.066659e-05 0.051037 0)
(3.066659e-05 0.051052333 0)
(3.066659e-05 0.051067667 0)
(3.066659e-05 0.051083 0)
(3.066659e-05 0.051098333 0)
(3.066659e-05 0.051113667 0)
(3.066659e-05 0.051129 0)
(3.066659e-05 0.051144333 0)
(3.066659e-05 0.051159667 0)
(3.066659e-05 0.051175001 0)
(3.066659e-05 0.051190335 0)
(3.066659e-05 0.051205671 0)
(3.066659e-05 0.051221009 0)
(3.066659e-05 0.051236357 0)
(3.066659e-05 0.051251721 0)
(3.066659e-05 0.051267112 0)
(3.066659e-05 0.051282539 0)
(3.066659e-05 0.051297998 0)
(3.066659e-05 0.051313465 0)
(3.066659e-05 0.051328892 0)
(3.066659e-05 0.051344228 0)
(3.066659e-05 0.051359462 0)
(3.066659e-05 0.051374674 0)
(3.066659e-05 0.051389976 0)
(3.066659e-05 0.051405425 0)
(3.066659e-05 0.051421077 0)
(3.066659e-05 0.051437085 0)
(3.066659e-05 0.051453368 0)
(3.066659e-05 0.051468514 0)
(3.066659e-05 0.051481616 0)
(3.066659e-05 0.052018648 0)
(3.066659e-05 0.052033059 0)
(3.066659e-05 0.052048706 0)
(3.066659e-05 0.052064185 0)
(3.066659e-05 0.052079596 0)
(3.066659e-05 0.052094969 0)
(3.066659e-05 0.05211032 0)
(3.066659e-05 0.052125662 0)
(3.066659e-05 0.052140999 0)
(3.066659e-05 0.052156333 0)
(3.066659e-05 0.052171667 0)
(3.066659e-05 0.052187 0)
(3.066659e-05 0.052202333 0)
(3.066659e-05 0.052217667 0)
(3.066659e-05 0.052233 0)
(3.066659e-05 0.052248333 0)
(3.066659e-05 0.052263667 0)
(3.066659e-05 0.052279 0)
(3.066659e-05 0.052294333 0)
(3.066659e-05 0.052309667 0)
);
}
}
}